4 0 0 360 0 55 0 -35 90 65 -15 50 70 -30 0 -15 0 0 180 0 10 0 -10 -110 -140 -110 -140 0 -150 0 -90 0 -104.892 -2.16942e-11 -12.8036 0 0 0 0
4 0 0 265 0 55 0 -35 110 65 -15 50 85 -30 0 0 0 0 180 0 10 0 -10 -110 -140 -110 -140 0 -150 0 -90 0 -104.892 -2.16942e-11 -12.8036 0 0 0 0
4 0 0 265 0 55 0 -75 185 65 -15 90 55 -30 0 0 20 0 180 -45 10 20 -5 -110 -140 -110 -140 0 -150 0 -90 30 -105.257 -4.17285 -12.8036 0 0 0 0
4 0 0 265 0 55 0 -75 55 65 -15 90 155 -30 0 0 10 35 180 0 10 -55 10 -110 -140 -110 -140 0 -150 0 -90 90 -105.744 -12.5292 -12.8036 0 0 0 0
4 0 0 265 0 55 0 -75 150 65 -15 85 40 -30 0 0 30 10 180 -50 10 10 10 -110 -140 -110 -140 0 -150 0 -90 175 -106.778 -24.3522 -12.8036 0 0 0 0
4 0 0 335 0 55 0 -75 150 65 -15 85 40 -30 0 0 30 10 180 -25 10 -35 10 -110 -140 -110 -140 0 -150 0 -90 195 -107.022 -27.1341 -12.8036 0 0 0 0
4 0 0 450 0 55 0 -75 55 65 -15 90 170 -30 0 0 5 10 180 -5 10 -30 -15 -110 -140 -110 -140 0 -150 0 -90 175 -107.022 -29.9267 -12.8036 0 0 0 0
4 0 0 450 0 55 0 -75 180 65 -15 90 60 -30 0 0 15 10 180 -30 5 10 -15 -110 -140 -110 -140 0 -150 0 -90 245 -107.022 -20.1528 -12.8036 0 0 0 0
4 0 0 450 0 55 0 -75 45 65 -15 90 180 -30 0 0 -5 20 180 30 5 -30 -10 -110 -140 -110 -140 0 -150 0 -90 315 -107.022 -10.379 -12.8036 0 0 0 0
4 0 0 450 0 55 0 -75 180 65 -15 90 50 -30 0 0 5 10 180 -25 5 15 -10 -110 -140 -110 -140 0 -150 0 -90 385 -107.022 -0.605144 -12.8036 0 0 0 0
4 0 0 360 0 55 0 -45 80 65 -15 40 90 -30 0 0 5 10 180 -10 5 -5 -10 -110 -140 -110 -140 0 -150 5 -90 435 -107.022 6.37617 -12.8036 0 0 0 0
